Lithium, Ion  (Li-)	Li1-(g)
T(K)	Cp	S	-[G-H(Tr)]/T	H-H(Tr)	delta-f H	delta-f G	log Kf
298.15	20.786	133.019	133.019	0.	93.475	68.742	-12.043
1200	20.786	161.963	146.341	18.746	64.557	20.536	-0.894
1300	20.786	163.627	147.608	20.824	61.685	16.984	-0.682
1400	20.786	165.167	148.808	22.903	58.819	13.653	-0.509
1500	20.786	166.601	149.947	24.982	55.961	10.527	-0.367
1600	20.786	167.943	151.030	27.060	53.112	7.591	-0.248
1700	20.786	169.203	152.062	29.139	-94.965	12.009	-0.369
1800	20.786	170.391	153.048	31.217	-97.046	18.361	-0.533
1900	20.786	171.515	153.990	33.296	-99.128	24.829	-0.683
2000	20.786	172.581	154.893	35.375	-101.211	31.407	-0.820
2100	20.786	173.595	155.760	37.453	-103.298	38.090	-0.947
2200	20.786	174.562	156.593	39.532	-105.388	44.871	-1.065
2300	20.786	175.486	157.394	41.610	-107.483	51.748	-1.175
2400	20.786	176.371	158.167	43.689	-109.584	58.716	-1.278
2500	20.786	177.219	158.912	45.768	-111.693	65.772	-1.374
2600	20.786	178.034	159.632	47.846	-113.811	72.913	-1.465
2700	20.786	178.819	160.328	49.925	-115.940	80.135	-1.550
2800	20.786	179.575	161.002	52.004	-118.081	87.436	-1.631
2900	20.786	180.304	161.655	54.082	-120.236	94.814	-1.708
3000	20.786	181.009	162.289	56.161	-122.407	102.266	-1.781
