Lithium Oxide, Ion (LiO-)	Li1O1-(g)
T(K)	Cp	S	-[G-H(Tr)]/T	H-H(Tr)	delta-f H	delta-f G	log Kf
298.15	32.359	199.241	199.241	0.	-66.944	-80.839	14.163
1200	37.541	248.689	221.580	32.530	-96.958	-95.045	4.137
1300	37.672	251.699	223.783	36.291	-99.940	-94.765	3.808
1400	37.789	254.495	225.878	40.064	-102.918	-94.255	3.517
1500	37.894	257.106	227.874	43.848	-105.890	-93.532	3.257
1600	37.991	259.555	229.778	47.643	-108.858	-92.611	3.023
1700	38.080	261.861	231.598	51.446	-257.056	-84.329	2.591
1800	38.165	264.040	233.341	55.259	-259.261	-74.105	2.150
1900	38.244	266.106	235.011	59.079	-261.470	-63.759	1.753
2000	38.321	268.069	236.615	62.908	-263.685	-53.296	1.392
2100	38.394	269.941	238.158	66.743	-265.907	-42.721	1.063
2200	38.465	271.728	239.644	70.586	-268.137	-32.041	0.761
2300	38.534	273.440	241.076	74.436	-270.376	-21.260	0.483
2400	38.602	275.081	242.459	78.293	-272.626	-10.380	0.226
2500	38.668	276.658	243.796	82.157	-274.887	0.593	-0.012
2600	38.732	278.176	245.089	86.027	-277.162	11.657	-0.234
2700	38.796	279.639	246.342	89.903	-279.452	22.809	-0.441
2800	38.859	281.051	247.556	93.786	-281.758	34.046	-0.635
2900	38.921	282.416	248.735	97.675	-284.081	45.365	-0.817
3000	38.982	283.736	249.880	101.570	-286.424	56.766	-0.988
