Lead, Ion  (Pb-)	Pb1-(g)
T(K)	Cp	S	-[G-H(Tr)]/T	H-H(Tr)	delta-f H	delta-f G	log Kf
298.15	20.786	186.900	186.900	0.	153.882	123.728	-21.677
1200	20.786	215.845	200.223	18.746	122.803	59.236	-2.578
1300	20.786	217.508	201.490	20.824	119.933	54.055	-2.172
1400	20.786	219.049	202.689	22.903	117.070	49.095	-1.832
1500	20.786	220.483	203.828	24.982	114.206	44.340	-1.544
1600	20.786	221.824	204.912	27.060	111.333	39.775	-1.299
1700	20.786	223.085	205.944	29.139	108.448	35.391	-1.087
1800	20.786	224.273	206.930	31.217	105.546	31.178	-0.905
1900	20.786	225.396	207.872	33.296	102.626	27.126	-0.746
2000	20.786	226.463	208.775	35.375	99.686	23.228	-0.607
2100	20.786	227.477	209.642	37.453	-80.496	26.593	-0.661
2200	20.786	228.444	210.475	39.532	-83.088	31.753	-0.754
2300	20.786	229.368	211.276	41.610	-85.770	37.032	-0.841
2400	20.786	230.252	212.049	43.689	-88.541	42.431	-0.923
2500	20.786	231.101	212.794	45.768	-91.404	47.946	-1.002
2600	20.786	231.916	213.514	47.846	-94.357	53.578	-1.076
2700	20.786	232.701	214.210	49.925	-97.399	59.326	-1.148
2800	20.786	233.457	214.884	52.004	-100.525	65.187	-1.216
2900	20.786	234.186	215.537	54.082	-103.731	71.162	-1.282
3000	20.786	234.891	216.170	56.161	-107.012	77.248	-1.345
