Rubidium, Ion  (Rb-)	Rb1-(g)
T(K)	Cp	S	-[G-H(Tr)]/T	H-H(Tr)	delta-f H	delta-f G	log Kf
298.15	20.786	164.330	164.330	0.	27.819	7.970	-1.396
1200	20.786	193.274	177.653	18.746	-71.827	-5.004	0.218
1300	20.786	194.938	178.919	20.824	-73.906	0.649	-0.026
1400	20.786	196.478	180.119	22.903	-75.985	6.462	-0.241
1500	20.786	197.913	181.258	24.982	-78.065	12.424	-0.433
1600	20.786	199.254	182.341	27.060	-80.146	18.524	-0.605
1700	20.786	200.514	183.374	29.139	-82.230	24.755	-0.761
1800	20.786	201.702	184.359	31.217	-84.316	31.108	-0.903
1900	20.786	202.826	185.302	33.296	-86.407	37.577	-1.033
2000	20.786	203.892	186.205	35.375	-88.505	44.157	-1.153
2100	20.786	204.906	187.072	37.453	-90.611	50.842	-1.265
2200	20.786	205.873	187.904	39.532	-92.728	57.628	-1.368
2300	20.786	206.797	188.706	41.610	-94.858	64.510	-1.465
2400	20.786	207.682	189.478	43.689	-97.005	71.484	-1.556
2500	20.786	208.531	190.223	45.768	-99.171	78.549	-1.641
2600	20.786	209.346	190.943	47.846	-101.360	85.701	-1.722
2700	20.786	210.130	191.640	49.925	-103.574	92.938	-1.798
2800	20.786	210.886	192.314	52.004	-105.819	100.257	-1.870
2900	20.786	211.616	192.967	54.082	-108.098	107.657	-1.939
3000	20.786	212.320	193.600	56.161	-110.416	115.136	-2.005
